17
10 20 N
3 5 7 15 #
3 2 9 7 &
END
5 10 B
0 0 4 5 ^
1 3 3 8 )
END
1 1 N
END
5 5 B
0 0 4 4 F
0 0 4 4 S
END
1 1 B
0 0 0 0 A
0 0 0 0 B
END
5 5 N
0 0 4 4 F
0 0 4 4 S
END
10 10 N
0 0 9 9 A
1 1 9 9 B
2 2 9 9 C
3 3 9 9 D
4 4 9 9 E
5 5 9 9 F
6 6 9 9 G
7 7 9 9 H
8 8 9 9 I
9 9 9 9 J
END
10 10 B
9 9 9 9 J
8 8 9 9 I
7 7 9 9 H
6 6 9 9 G
5 5 9 9 F
4 4 9 9 E
3 3 9 9 D
2 2 9 9 C
1 1 9 9 B
0 0 9 9 A
END
10 10 N
0 0 9 9 A
0 0 8 8 B
0 0 7 7 C
0 0 6 6 D
0 0 5 5 E
0 0 4 4 F
0 0 3 3 G
0 0 2 2 H
0 0 1 1 I
0 0 0 0 J
END
10 10 B
0 0 0 0 J
0 0 1 1 I
0 0 2 2 H
0 0 3 3 G
0 0 4 4 F
0 0 5 5 E
0 0 6 6 D
0 0 7 7 C
0 0 8 8 B
0 0 9 9 A
END
5 4 B
1 0 2 0 T
1 0 1 1 O
0 0 1 0 H
3 1 3 1 I
2 1 2 1 H
2 0 3 1 K
0 1 4 1 A
4 0 4 2 B
3 0 4 2 N
2 0 4 2 E
3 0 3 3 G
3 0 4 3 Y
0 0 0 2 I
0 0 0 3 L
END
1 12 N
0 0 0 11 I
0 0 0 0 D
0 2 0 2 V
0 4 0 4 S
0 6 0 6 B
0 8 0 8 L
0 10 0 10 T
0 11 0 11 Y
END
11 1 B
0 0 0 0 H
2 0 2 0 G
0 0 2 0 U
5 0 5 0 U
5 0 7 0 C
5 0 8 0 E
4 0 10 0 S
0 0 9 0 E
END
50 50 N
0 4 49 5 |
0 14 49 15 |
0 24 49 25 |
0 34 49 35 |
0 44 49 45 |
0 0 9 9 A
10 10 19 19 B
20 20 29 29 C
30 30 39 39 D
40 40 49 49 E
0 4 9 5 a
10 14 19 15 b
20 24 29 25 c
30 34 39 35 d
40 44 49 45 e
4 0 5 49 -
14 0 15 49 -
24 0 25 49 -
34 0 35 49 -
44 0 45 49 -
END
50 50 B
0 4 49 5 |
0 14 49 15 |
0 24 49 25 |
0 34 49 35 |
0 44 49 45 |
0 0 9 9 A
10 10 19 19 B
20 20 29 29 C
30 30 39 39 D
40 40 49 49 E
0 4 9 5 a
10 14 19 15 b
20 24 29 25 c
30 34 39 35 d
40 44 49 45 e
4 0 5 49 -
14 0 15 49 -
24 0 25 49 -
34 0 35 49 -
44 0 45 49 -
END
5 5 B
0 0 0 4 5
0 0 1 4 6
0 0 2 4 7
0 0 3 4 8
0 0 4 4 9
END
5 5 N
0 0 0 4 5
0 0 1 4 6
0 0 2 4 7
0 0 3 4 8
0 0 4 4 9
END