4 6
0 1 42
0 2 18
0 3 35
1 2 1
1 3 20
2 3 25
5 10
0 1 29
0 2 9
0 3 13
0 4 15
1 2 6
1 3 46
1 4 32
2 3 28
2 4 12
3 4 42
6 15
0 1 46
0 2 43
0 3 28
0 4 37
0 5 42
1 2 5
1 3 3
1 4 4
1 5 43
2 3 33
2 4 22
2 5 17
3 4 19
3 5 46
4 5 48
7 21
0 1 27
0 2 22
0 3 39
0 4 20
0 5 13
0 6 18
1 2 50
1 3 36
1 4 45
1 5 4
1 6 12
2 3 23
2 4 34
2 5 24
2 6 15
3 4 42
3 5 12
3 6 4
4 5 19
4 6 48
5 6 45
8 28
0 1 13
0 2 8
0 3 38
0 4 10
0 5 24
0 6 42
0 7 30
1 2 29
1 3 17
1 4 36
1 5 41
1 6 43
1 7 39
2 3 7
2 4 41
2 5 43
2 6 15
2 7 49
3 4 47
3 5 6
3 6 41
3 7 30
4 5 21
4 6 1
4 7 7
5 6 2
5 7 44
6 7 49
9 36
0 1 30
0 2 24
0 3 35
0 4 5
0 5 7
0 6 41
0 7 17
0 8 27
1 2 32
1 3 9
1 4 45
1 5 40
1 6 27
1 7 24
1 8 38
2 3 39
2 4 19
2 5 33
2 6 30
2 7 42
2 8 34
3 4 16
3 5 40
3 6 9
3 7 5
3 8 31
4 5 28
4 6 7
4 7 24
4 8 37
5 6 22
5 7 46
5 8 25
6 7 23
6 8 21
7 8 30
10 45
0 1 28
0 2 24
0 3 48
0 4 13
0 5 37
0 6 41
0 7 12
0 8 37
0 9 6
1 2 18
1 3 6
1 4 25
1 5 32
1 6 3
1 7 1
1 8 1
1 9 42
2 3 25
2 4 17
2 5 31
2 6 8
2 7 42
2 8 8
2 9 38
3 4 8
3 5 38
3 6 4
3 7 34
3 8 46
3 9 10
4 5 10
4 6 9
4 7 22
4 8 39
4 9 23
5 6 47
5 7 7
5 8 31
5 9 14
6 7 19
6 8 1
6 9 42
7 8 13
7 9 6
8 9 11
11 55
0 1 10
0 2 25
0 3 38
0 4 49
0 5 34
0 6 46
0 7 42
0 8 3
0 9 1
0 10 42
1 2 37
1 3 25
1 4 21
1 5 47
1 6 22
1 7 49
1 8 50
1 9 19
1 10 35
2 3 32
2 4 35
2 5 4
2 6 50
2 7 19
2 8 39
2 9 1
2 10 39
3 4 28
3 5 18
3 6 29
3 7 44
3 8 49
3 9 34
3 10 8
4 5 22
4 6 11
4 7 18
4 8 14
4 9 15
4 10 10
5 6 17
5 7 36
5 8 2
5 9 1
5 10 50
6 7 20
6 8 7
6 9 49
6 10 4
7 8 25
7 9 9
7 10 45
8 9 10
8 10 40
9 10 3
12 66
0 1 46
0 2 36
0 3 44
0 4 44
0 5 24
0 6 38
0 7 15
0 8 4
0 9 49
0 10 1
0 11 9
1 2 19
1 3 31
1 4 47
1 5 49
1 6 32
1 7 40
1 8 49
1 9 10
1 10 8
1 11 23
2 3 23
2 4 39
2 5 43
2 6 39
2 7 30
2 8 41
2 9 8
2 10 9
2 11 42
3 4 16
3 5 39
3 6 7
3 7 12
3 8 3
3 9 35
3 10 23
3 11 6
4 5 29
4 6 47
4 7 13
4 8 37
4 9 26
4 10 34
4 11 20
5 6 43
5 7 45
5 8 17
5 9 32
5 10 49
5 11 23
6 7 2
6 8 22
6 9 50
6 10 8
6 11 27
7 8 43
7 9 40
7 10 26
7 11 13
8 9 1
8 10 11
8 11 4
9 10 20
9 11 12
10 11 39
13 78
0 1 2
0 2 40
0 3 6
0 4 24
0 5 3
0 6 36
0 7 33
0 8 36
0 9 39
0 10 27
0 11 18
0 12 8
1 2 33
1 3 33
1 4 20
1 5 5
1 6 22
1 7 40
1 8 27
1 9 30
1 10 19
1 11 43
1 12 26
2 3 6
2 4 35
2 5 50
2 6 42
2 7 13
2 8 46
2 9 11
2 10 19
2 11 4
2 12 40
3 4 24
3 5 30
3 6 47
3 7 38
3 8 30
3 9 50
3 10 38
3 11 17
3 12 50
4 5 44
4 6 46
4 7 48
4 8 17
4 9 37
4 10 6
4 11 39
4 12 33
5 6 6
5 7 35
5 8 15
5 9 2
5 10 17
5 11 22
5 12 37
6 7 14
6 8 14
6 9 6
6 10 36
6 11 4
6 12 13
7 8 9
7 9 33
7 10 46
7 11 14
7 12 7
8 9 22
8 10 9
8 11 47
8 12 33
9 10 32
9 11 45
9 12 47
10 11 23
10 12 30
11 12 12
14 91
0 1 36
0 2 1
0 3 24
0 4 17
0 5 45
0 6 10
0 7 43
0 8 40
0 9 4
0 10 25
0 11 5
0 12 11
0 13 46
1 2 50
1 3 37
1 4 14
1 5 25
1 6 23
1 7 19
1 8 19
1 9 38
1 10 6
1 11 9
1 12 42
1 13 3
2 3 26
2 4 28
2 5 15
2 6 15
2 7 25
2 8 35
2 9 25
2 10 23
2 11 10
2 12 34
2 13 21
3 4 38
3 5 48
3 6 19
3 7 28
3 8 24
3 9 21
3 10 14
3 11 19
3 12 43
3 13 36
4 5 3
4 6 31
4 7 14
4 8 28
4 9 3
4 10 50
4 11 28
4 12 26
4 13 44
5 6 25
5 7 24
5 8 23
5 9 12
5 10 32
5 11 4
5 12 33
5 13 6
6 7 44
6 8 26
6 9 32
6 10 43
6 11 43
6 12 23
6 13 37
7 8 15
7 9 1
7 10 38
7 11 11
7 12 14
7 13 25
8 9 21
8 10 21
8 11 36
8 12 34
8 13 12
9 10 11
9 11 47
9 12 18
9 13 36
10 11 1
10 12 41
10 13 45
11 12 46
11 13 25
12 13 20
15 105
0 1 26
0 2 27
0 3 45
0 4 9
0 5 3
0 6 22
0 7 17
0 8 29
0 9 44
0 10 2
0 11 35
0 12 19
0 13 15
0 14 20
1 2 3
1 3 1
1 4 38
1 5 11
1 6 27
1 7 11
1 8 8
1 9 21
1 10 16
1 11 27
1 12 28
1 13 44
1 14 9
2 3 15
2 4 10
2 5 33
2 6 37
2 7 16
2 8 38
2 9 28
2 10 25
2 11 26
2 12 28
2 13 30
2 14 29
3 4 24
3 5 21
3 6 3
3 7 13
3 8 24
3 9 47
3 10 38
3 11 12
3 12 46
3 13 26
3 14 15
4 5 11
4 6 3
4 7 17
4 8 31
4 9 27
4 10 12
4 11 22
4 12 12
4 13 48
4 14 4
5 6 21
5 7 41
5 8 25
5 9 39
5 10 14
5 11 41
5 12 2
5 13 13
5 14 30
6 7 1
6 8 14
6 9 9
6 10 29
6 11 16
6 12 8
6 13 28
6 14 1
7 8 9
7 9 40
7 10 4
7 11 11
7 12 8
7 13 25
7 14 28
8 9 9
8 10 14
8 11 38
8 12 2
8 13 1
8 14 11
9 10 29
9 11 44
9 12 35
9 13 6
9 14 41
10 11 12
10 12 5
10 13 36
10 14 7
11 12 23
11 13 1
11 14 24
12 13 36
12 14 7
13 14 17
11 55
0 1 27
0 2 24
0 3 20
0 4 13
0 5 35
0 6 14
0 7 43
0 8 12
0 9 44
0 10 6
1 2 8
1 3 26
1 4 23
1 5 46
1 6 6
1 7 42
1 8 35
1 9 39
1 10 44
2 3 38
2 4 6
2 5 11
2 6 33
2 7 49
2 8 1
2 9 34
2 10 35
3 4 22
3 5 49
3 6 36
3 7 29
3 8 47
3 9 2
3 10 34
4 5 20
4 6 41
4 7 32
4 8 28
4 9 14
4 10 26
5 6 12
5 7 39
5 8 23
5 9 35
5 10 42
6 7 47
6 8 16
6 9 21
6 10 13
7 8 23
7 9 49
7 10 33
8 9 18
8 10 30
9 10 13
11 55
0 1 49
0 2 5
0 3 48
0 4 23
0 5 33
0 6 15
0 7 14
0 8 41
0 9 15
0 10 4
1 2 28
1 3 29
1 4 35
1 5 9
1 6 41
1 7 14
1 8 46
1 9 25
1 10 2
2 3 32
2 4 10
2 5 45
2 6 13
2 7 6
2 8 28
2 9 24
2 10 30
3 4 40
3 5 14
3 6 6
3 7 22
3 8 29
3 9 48
3 10 41
4 5 4
4 6 21
4 7 26
4 8 9
4 9 41
4 10 38
5 6 10
5 7 23
5 8 43
5 9 40
5 10 37
6 7 14
6 8 7
6 9 13
6 10 9
7 8 21
7 9 36
7 10 43
8 9 48
8 10 34
9 10 42
28 139
0 1 1
0 2 18
0 6 13
0 9 2
0 12 27
0 15 37
0 16 24
0 25 10
0 27 25
1 2 20
1 4 31
1 10 35
1 19 36
1 20 18
1 22 30
1 27 34
2 3 16
2 5 41
2 7 7
2 8 41
2 10 44
2 11 17
2 17 22
2 20 34
2 22 13
2 23 16
2 24 45
2 25 31
3 4 16
3 5 32
3 9 16
3 12 15
3 15 11
3 21 14
3 22 1
3 24 1
3 25 10
3 27 10
4 5 29
4 6 4
4 7 25
4 10 27
4 13 38
4 18 6
4 19 27
4 25 37
5 6 44
5 18 4
5 21 32
5 23 15
5 24 22
5 26 23
5 27 49
6 7 48
6 8 3
6 10 12
6 20 33
6 22 7
6 23 50
6 27 12
7 8 39
7 11 44
7 13 26
7 14 43
7 16 33
7 19 3
7 20 4
7 22 4
7 26 22
7 27 29
8 9 44
8 10 22
8 11 33
8 15 31
8 17 37
8 22 1
8 23 36
8 26 29
9 10 38
9 21 49
9 25 36
9 27 38
10 11 10
10 13 26
10 15 5
10 20 37
10 24 24
10 25 24
11 12 14
11 16 29
11 19 27
11 22 10
11 26 38
12 13 50
12 15 22
12 18 17
12 19 22
12 24 19
12 25 36
12 27 9
13 14 32
13 17 16
13 19 46
13 21 26
13 24 8
14 15 39
14 25 5
15 16 43
15 19 25
15 26 6
15 27 19
16 17 9
16 18 17
16 19 9
16 25 35
17 18 11
17 19 17
17 20 40
17 22 9
17 26 19
18 19 22
18 25 9
18 26 42
19 20 9
20 21 5
20 23 16
20 26 28
21 22 39
21 27 12
22 23 47
22 25 4
23 24 41
23 25 49
24 25 50
24 26 49
24 27 24
25 26 44
25 27 18
26 27 31
28 139
0 1 26
0 3 28
0 4 3
0 5 46
0 8 23
0 10 1
0 12 39
0 18 13
0 20 9
0 24 8
1 11 44
1 12 17
1 15 23
1 16 31
1 18 50
1 20 33
1 21 26
1 25 25
1 26 37
2 4 38
2 11 6
2 14 15
2 18 47
2 19 42
2 21 41
2 26 38
3 7 46
3 11 19
3 13 27
3 14 13
3 16 47
3 17 25
3 21 48
3 22 11
3 23 47
4 5 25
4 6 19
4 22 21
4 24 29
4 26 50
5 8 24
5 13 40
5 17 44
5 21 11
5 22 3
6 8 34
6 9 12
6 10 39
6 11 29
6 14 13
6 16 47
6 17 40
6 18 45
6 19 44
6 20 33
6 22 43
6 23 7
6 26 44
7 8 48
7 11 28
7 12 18
7 13 3
7 17 16
7 18 10
7 20 17
7 27 26
8 9 9
8 13 49
8 16 32
8 17 9
8 25 38
8 26 32
9 11 15
9 13 36
9 15 15
9 16 41
9 17 28
9 18 16
9 19 15
9 20 8
9 25 38
10 12 10
10 15 33
10 16 44
10 17 7
10 20 13
10 22 10
10 23 9
10 26 32
11 13 3
11 16 11
11 17 9
11 22 19
11 23 22
11 24 19
11 25 46
11 27 46
12 13 42
12 16 21
12 20 24
12 21 9
12 26 16
13 15 9
13 18 23
13 20 37
13 22 46
13 24 25
13 26 38
14 16 35
14 19 34
14 23 49
14 24 23
14 27 20
15 16 29
15 18 37
15 19 12
15 23 32
16 22 38
16 24 3
16 27 35
17 18 11
17 20 42
17 23 29
17 24 5
18 19 32
18 23 19
18 25 23
18 27 17
19 20 5
20 22 3
20 23 19
20 25 6
20 27 20
21 25 39
22 24 25
22 27 15
23 25 20
24 27 50
25 26 6
37 83
0 1 22
0 12 37
0 20 42
0 33 38
1 2 48
1 12 16
1 14 8
1 15 34
2 3 13
2 4 45
2 7 15
3 4 4
3 15 33
3 27 41
3 28 15
4 5 28
4 20 15
4 33 21
5 6 9
5 13 29
5 29 34
5 30 3
5 33 24
6 7 46
7 8 9
7 17 14
7 26 2
7 36 38
8 9 36
8 14 40
8 28 13
9 10 39
9 12 43
9 15 36
10 11 38
10 14 9
10 20 19
10 29 20
11 12 44
12 13 14
12 14 39
12 20 35
13 14 2
13 19 48
14 15 1
14 22 14
14 26 40
15 16 29
15 20 33
15 33 9
16 17 12
16 22 18
16 34 43
17 18 1
17 24 17
17 33 27
18 19 50
19 20 43
19 29 30
20 21 5
21 22 20
22 23 32
22 30 31
23 24 16
23 25 8
24 25 18
24 28 11
25 26 14
26 27 44
26 28 44
26 29 34
26 32 25
27 28 35
27 30 16
28 29 23
28 30 23
29 30 23
30 31 31
31 32 2
32 33 43
33 34 28
34 35 28
35 36 21
37 83
0 2 21
0 6 37
0 16 48
0 19 25
1 3 32
1 13 11
1 26 36
1 27 29
1 31 29
2 19 34
2 26 41
2 34 37
2 36 31
3 7 41
3 11 21
3 22 14
3 29 47
3 33 10
4 5 18
4 7 29
4 9 2
4 21 27
5 15 30
5 19 31
5 22 45
5 29 41
5 34 24
6 11 41
6 18 35
6 23 38
6 28 19
6 30 41
7 16 5
7 24 42
7 25 14
7 26 7
7 30 25
8 19 50
8 20 43
8 21 31
8 24 17
8 27 3
8 30 28
8 32 41
8 36 23
9 10 19
9 14 16
9 27 47
9 30 4
9 33 20
9 35 50
10 20 38
10 30 49
11 12 22
11 29 50
11 35 11
12 21 30
12 22 30
12 25 11
13 23 22
13 24 3
13 25 42
13 31 44
15 24 7
16 27 9
17 18 47
19 23 32
19 33 34
20 24 42
20 25 8
20 33 28
20 34 29
21 32 13
21 34 29
21 36 5
23 24 20
24 25 5
25 29 29
25 32 23
26 35 13
29 32 42
30 36 28
32 33 23
15 36
0 1 48
0 2 17
0 4 2
0 5 22
0 9 48
1 2 46
1 3 33
1 9 32
1 12 11
2 3 21
2 11 40
2 12 15
2 14 12
3 4 26
3 10 48
3 12 22
4 5 40
4 6 19
4 8 4
5 6 1
6 7 50
6 9 47
6 10 3
6 13 6
7 8 34
7 10 9
7 14 27
8 9 16
8 11 6
8 12 23
9 10 15
10 11 33
11 12 8
12 13 33
12 14 49
13 14 47
15 36
0 1 27
0 4 22
0 8 10
1 3 48
1 4 49
1 5 50
1 7 12
1 11 47
2 5 20
2 7 9
2 8 44
2 13 23
3 4 10
3 5 32
3 12 17
3 13 6
4 5 16
4 12 30
4 14 32
5 9 21
5 13 27
5 14 48
6 7 24
6 10 12
6 12 25
6 13 1
6 14 23
7 8 1
7 12 23
7 13 40
8 9 7
8 11 44
9 11 27
9 13 4
12 13 18
12 14 22
15 36
0 1 35
0 6 28
0 9 14
0 14 19
1 2 19
1 3 12
1 7 6
1 9 36
1 10 32
2 3 7
2 10 38
2 14 2
3 4 29
4 5 48
4 7 37
4 9 44
4 10 44
4 11 48
4 12 38
5 6 19
5 7 19
5 11 3
6 7 41
6 8 11
6 10 19
6 12 25
7 8 50
7 9 16
7 10 39
8 9 36
9 10 37
10 11 50
10 13 43
11 12 21
12 13 11
13 14 22
15 36
0 4 31
0 12 44
0 13 30
1 3 6
1 4 22
1 6 31
1 8 9
1 9 26
1 11 15
1 12 32
2 13 19
3 5 41
3 7 41
3 14 37
4 5 21
4 7 48
4 8 26
4 11 9
4 13 31
5 7 17
5 8 10
5 9 35
5 11 6
5 12 4
6 9 3
6 13 25
8 9 16
8 11 23
8 13 48
8 14 36
9 12 12
9 13 7
9 14 19
10 12 10
10 14 48
11 13 36
7 21
0 1 8
0 2 19
0 3 1
0 4 22
0 5 36
0 6 6
1 2 6
1 3 13
1 4 26
1 5 30
1 6 16
2 3 17
2 4 4
2 5 13
2 6 44
3 4 42
3 5 6
3 6 18
4 5 39
4 6 20
5 6 32
7 21
0 1 20
0 2 3
0 3 3
0 4 6
0 5 21
0 6 4
1 2 22
1 3 19
1 4 38
1 5 34
1 6 30
2 3 12
2 4 39
2 5 27
2 6 14
3 4 34
3 5 24
3 6 22
4 5 45
4 6 30
5 6 6
16 120
0 1 36
0 2 39
0 3 28
0 4 20
0 5 24
0 6 8
0 7 37
0 8 14
0 9 5
0 10 23
0 11 1
0 12 25
0 13 23
0 14 46
0 15 22
1 2 38
1 3 32
1 4 8
1 5 5
1 6 33
1 7 39
1 8 28
1 9 26
1 10 46
1 11 17
1 12 32
1 13 18
1 14 36
1 15 25
2 3 47
2 4 2
2 5 43
2 6 33
2 7 11
2 8 24
2 9 45
2 10 19
2 11 46
2 12 12
2 13 14
2 14 4
2 15 50
3 4 34
3 5 42
3 6 8
3 7 40
3 8 38
3 9 15
3 10 35
3 11 34
3 12 41
3 13 24
3 14 18
3 15 46
4 5 39
4 6 39
4 7 33
4 8 42
4 9 6
4 10 8
4 11 45
4 12 2
4 13 31
4 14 18
4 15 14
5 6 36
5 7 6
5 8 25
5 9 30
5 10 29
5 11 48
5 12 9
5 13 32
5 14 19
5 15 47
6 7 30
6 8 34
6 9 31
6 10 35
6 11 39
6 12 27
6 13 40
6 14 38
6 15 42
7 8 44
7 9 14
7 10 5
7 11 30
7 12 33
7 13 48
7 14 46
7 15 17
8 9 41
8 10 41
8 11 41
8 12 40
8 13 2
8 14 40
8 15 6
9 10 13
9 11 25
9 12 43
9 13 29
9 14 49
9 15 24
10 11 16
10 12 12
10 13 7
10 14 47
10 15 16
11 12 2
11 13 4
11 14 29
11 15 30
12 13 6
12 14 42
12 15 23
13 14 8
13 15 40
14 15 18
16 120
0 1 12
0 2 41
0 3 42
0 4 12
0 5 41
0 6 39
0 7 13
0 8 35
0 9 21
0 10 15
0 11 37
0 12 41
0 13 2
0 14 41
0 15 20
1 2 37
1 3 4
1 4 11
1 5 8
1 6 1
1 7 22
1 8 33
1 9 30
1 10 48
1 11 26
1 12 14
1 13 50
1 14 28
1 15 25
2 3 30
2 4 16
2 5 30
2 6 9
2 7 45
2 8 29
2 9 1
2 10 20
2 11 22
2 12 12
2 13 27
2 14 37
2 15 43
3 4 48
3 5 32
3 6 34
3 7 3
3 8 44
3 9 29
3 10 18
3 11 23
3 12 36
3 13 13
3 14 19
3 15 43
4 5 21
4 6 23
4 7 42
4 8 39
4 9 18
4 10 39
4 11 44
4 12 32
4 13 25
4 14 45
4 15 14
5 6 28
5 7 29
5 8 13
5 9 31
5 10 12
5 11 34
5 12 34
5 13 46
5 14 29
5 15 44
6 7 44
6 8 8
6 9 50
6 10 6
6 11 4
6 12 6
6 13 1
6 14 48
6 15 37
7 8 10
7 9 31
7 10 44
7 11 4
7 12 9
7 13 36
7 14 48
7 15 22
8 9 18
8 10 24
8 11 16
8 12 24
8 13 32
8 14 30
8 15 5
9 10 33
9 11 4
9 12 11
9 13 24
9 14 43
9 15 4
10 11 46
10 12 49
10 13 13
10 14 34
10 15 8
11 12 18
11 13 23
11 14 12
11 15 8
12 13 32
12 14 32
12 15 16
13 14 49
13 15 19
14 15 3
16 120
0 1 18
0 2 41
0 3 5
0 4 30
0 5 7
0 6 10
0 7 41
0 8 26
0 9 40
0 10 42
0 11 7
0 12 47
0 13 38
0 14 35
0 15 5
1 2 22
1 3 25
1 4 40
1 5 36
1 6 8
1 7 27
1 8 8
1 9 35
1 10 15
1 11 28
1 12 44
1 13 45
1 14 28
1 15 43
2 3 11
2 4 9
2 5 44
2 6 20
2 7 17
2 8 39
2 9 28
2 10 12
2 11 48
2 12 36
2 13 42
2 14 38
2 15 28
3 4 3
3 5 24
3 6 26
3 7 4
3 8 40
3 9 26
3 10 29
3 11 48
3 12 1
3 13 46
3 14 23
3 15 29
4 5 9
4 6 38
4 7 28
4 8 32
4 9 25
4 10 29
4 11 30
4 12 31
4 13 42
4 14 35
4 15 38
5 6 34
5 7 19
5 8 45
5 9 26
5 10 46
5 11 49
5 12 28
5 13 27
5 14 32
5 15 18
6 7 6
6 8 29
6 9 49
6 10 24
6 11 11
6 12 29
6 13 28
6 14 36
6 15 24
7 8 16
7 9 13
7 10 40
7 11 25
7 12 35
7 13 47
7 14 23
7 15 17
8 9 27
8 10 16
8 11 23
8 12 31
8 13 6
8 14 50
8 15 24
9 10 2
9 11 1
9 12 20
9 13 37
9 14 49
9 15 22
10 11 35
10 12 31
10 13 26
10 14 25
10 15 38
11 12 10
11 13 6
11 14 6
11 15 2
12 13 44
12 14 44
12 15 40
13 14 49
13 15 45
14 15 24
16 120
0 1 33
0 2 5
0 3 39
0 4 20
0 5 9
0 6 44
0 7 24
0 8 35
0 9 36
0 10 43
0 11 41
0 12 21
0 13 41
0 14 13
0 15 30
1 2 44
1 3 4
1 4 15
1 5 21
1 6 43
1 7 25
1 8 44
1 9 10
1 10 44
1 11 13
1 12 39
1 13 7
1 14 5
1 15 29
2 3 45
2 4 22
2 5 24
2 6 3
2 7 30
2 8 8
2 9 17
2 10 9
2 11 34
2 12 33
2 13 1
2 14 1
2 15 14
3 4 6
3 5 40
3 6 6
3 7 23
3 8 36
3 9 39
3 10 28
3 11 27
3 12 3
3 13 8
3 14 18
3 15 30
4 5 20
4 6 12
4 7 43
4 8 27
4 9 10
4 10 44
4 11 44
4 12 1
4 13 38
4 14 1
4 15 7
5 6 35
5 7 5
5 8 23
5 9 34
5 10 17
5 11 44
5 12 17
5 13 35
5 14 14
5 15 11
6 7 2
6 8 48
6 9 48
6 10 5
6 11 27
6 12 40
6 13 20
6 14 40
6 15 22
7 8 40
7 9 35
7 10 25
7 11 49
7 12 18
7 13 28
7 14 26
7 15 27
8 9 39
8 10 40
8 11 25
8 12 22
8 13 8
8 14 37
8 15 10
9 10 38
9 11 22
9 12 44
9 13 46
9 14 11
9 15 15
10 11 28
10 12 15
10 13 23
10 14 38
10 15 43
11 12 25
11 13 4
11 14 38
11 15 13
12 13 39
12 14 11
12 15 37
13 14 42
13 15 12
14 15 20
6 15
0 1 23
0 2 47
0 3 24
0 4 9
0 5 42
1 2 35
1 3 47
1 4 32
1 5 12
2 3 45
2 4 31
2 5 42
3 4 12
3 5 15
4 5 14
6 15
0 1 24
0 2 1
0 3 3
0 4 8
0 5 18
1 2 4
1 3 31
1 4 42
1 5 18
2 3 20
2 4 18
2 5 15
3 4 18
3 5 17
4 5 4
35 61
0 1 38
0 4 29
0 25 20
1 2 22
1 27 48
2 3 28
2 26 8
3 4 46
3 20 42
3 23 9
3 33 45
4 5 15
4 29 30
4 32 47
5 6 39
5 34 35
6 7 22
6 25 17
7 8 48
7 20 12
7 24 44
7 30 50
8 9 16
9 10 43
9 34 34
10 11 12
10 16 13
10 32 46
11 12 8
11 31 39
12 13 6
12 18 39
13 14 4
14 15 22
15 16 31
16 17 41
17 18 31
17 24 23
18 19 26
18 20 21
18 25 34
18 28 34
19 20 21
20 21 41
21 22 28
21 25 29
21 27 34
22 23 49
23 24 37
23 32 36
24 25 5
25 26 40
25 33 9
26 27 32
27 28 45
28 29 39
29 30 11
30 31 19
31 32 20
32 33 10
33 34 28
35 61
0 3 36
0 10 1
0 24 44
0 26 37
0 32 32
1 17 20
1 30 43
1 33 32
2 4 14
3 10 28
3 18 22
3 19 10
3 20 14
3 31 5
3 33 46
4 13 41
4 19 11
4 28 48
5 10 38
5 18 5
5 30 8
6 22 24
7 28 3
8 11 12
8 21 46
8 24 7
9 12 45
9 15 29
9 32 1
10 26 4
10 28 31
10 32 9
11 16 41
11 22 44
11 30 13
12 23 28
12 29 44
13 14 45
13 19 2
13 32 45
14 21 29
14 25 15
16 28 46
17 33 2
18 19 28
18 31 12
18 34 50
19 21 38
20 21 16
20 30 19
21 33 13
22 31 3
23 25 25
23 27 13
23 33 49
25 31 35
26 33 1
27 28 22
27 34 37
29 33 14
30 34 34
26 101
0 1 5
0 8 24
0 12 24
0 13 35
0 15 19
0 16 44
0 18 19
0 20 43
0 25 28
1 2 1
1 5 34
1 8 4
1 9 25
1 13 33
1 14 16
1 15 12
2 3 27
2 7 23
2 8 36
2 19 25
2 23 24
3 4 17
3 11 31
3 15 11
3 17 47
3 22 33
3 23 7
3 25 42
4 5 39
4 12 5
4 18 16
4 25 18
5 6 2
5 9 13
5 10 37
5 19 49
5 21 9
6 7 24
6 12 6
6 15 28
6 25 14
7 8 44
7 15 29
7 17 1
7 22 11
7 23 43
7 24 26
8 9 42
8 15 6
8 16 27
8 24 41
8 25 37
9 10 31
9 16 36
9 18 42
9 19 46
9 22 49
10 11 46
10 22 22
11 12 19
11 15 30
11 16 39
11 17 3
11 19 47
11 20 17
12 13 10
12 15 1
12 16 21
12 18 16
12 21 31
12 25 34
13 14 14
13 16 41
13 21 41
13 23 29
14 15 29
14 16 19
14 18 47
14 20 18
14 25 26
15 16 30
15 18 29
15 20 45
15 25 46
16 17 39
16 24 24
16 25 44
17 18 5
17 21 45
17 23 12
18 19 14
18 21 36
18 22 20
19 20 30
20 21 20
20 23 9
21 22 17
21 25 6
22 23 30
23 24 28
24 25 38
26 101
0 1 19
0 13 29
0 14 24
0 16 1
0 17 19
0 19 37
0 21 37
1 5 46
1 6 29
1 7 38
1 9 14
1 12 16
1 14 39
1 17 1
1 18 42
2 8 42
2 9 2
2 15 9
2 19 50
2 21 30
2 22 7
2 24 43
3 11 22
3 12 35
3 13 42
3 15 39
3 20 40
3 21 44
4 5 19
4 7 3
4 8 40
4 10 50
4 11 44
4 20 2
4 23 28
5 8 3
5 13 48
5 15 18
5 17 20
5 23 49
5 25 20
6 10 50
6 13 38
6 14 13
6 15 23
6 16 50
6 17 47
7 8 15
7 9 32
7 18 45
7 23 26
8 18 36
8 20 41
8 21 33
8 24 7
9 12 44
9 14 22
9 15 45
9 19 6
9 20 3
9 21 7
9 22 26
10 11 25
10 13 39
10 17 42
10 18 28
10 19 45
10 22 29
10 23 12
11 14 35
11 22 39
12 13 11
12 14 1
12 17 24
12 18 48
12 25 22
13 15 7
13 17 44
13 19 25
13 24 2
14 18 20
14 20 11
14 22 40
14 23 23
15 16 18
15 17 28
15 22 9
15 23 46
16 18 2
16 24 19
17 21 45
17 23 42
17 25 19
18 19 35
19 22 35
19 25 18
20 22 44
21 23 15
21 25 44
22 24 44
23 24 18
23 29
0 1 21
1 2 36
2 3 3
3 4 2
3 6 37
4 5 48
4 17 30
5 6 2
6 7 2
7 8 36
8 9 44
8 10 28
9 10 23
9 11 46
9 15 13
9 22 50
10 11 17
11 12 17
12 13 29
12 21 39
13 14 12
14 15 26
15 16 39
16 17 47
17 18 40
18 19 45
19 20 7
20 21 27
21 22 3
23 29
0 6 5
0 14 14
1 11 36
2 6 22
2 13 20
2 17 39
3 20 38
4 13 28
4 16 41
4 17 42
4 18 11
5 18 2
7 13 5
8 15 36
8 17 10
9 13 33
9 18 38
9 21 6
10 13 31
10 18 39
11 15 9
11 22 50
12 19 44
12 21 16
13 14 48
14 15 4
14 19 5
15 20 6
16 19 7
43 58
0 1 15
0 21 6
1 2 34
2 3 8
3 4 19
3 21 23
4 5 11
5 6 19
5 12 36
5 37 35
6 7 9
7 8 42
7 13 8
7 42 39
8 9 33
9 10 38
9 22 48
10 11 35
11 12 50
11 26 6
11 39 35
12 13 2
13 14 20
14 15 34
15 16 7
15 41 6
16 17 43
17 18 41
18 19 38
18 29 32
18 36 26
19 20 13
20 21 11
20 41 41
21 22 21
22 23 36
23 24 14
23 33 1
24 25 16
25 26 48
26 27 28
27 28 25
28 29 35
29 30 4
30 31 34
31 32 29
32 33 37
32 40 18
33 34 25
34 35 35
35 36 26
36 37 50
37 38 13
37 42 13
38 39 35
39 40 25
40 41 43
41 42 5
43 58
0 5 29
0 24 46
0 28 13
0 30 43
1 38 18
1 41 46
2 19 5
2 23 13
3 19 45
3 27 42
3 38 39
4 7 13
4 16 37
4 28 29
5 10 27
5 29 35
5 36 37
6 23 10
6 25 34
7 16 24
7 32 50
7 41 7
8 20 31
8 21 37
8 28 41
8 29 15
8 37 50
8 39 12
9 12 10
10 17 30
10 31 42
12 17 30
12 27 1
12 41 19
13 16 4
13 17 37
13 19 5
13 25 14
15 36 8
18 31 50
19 36 26
20 23 17
21 31 6
22 25 40
23 36 41
23 41 9
25 37 18
26 29 48
27 39 36
28 29 40
28 33 10
28 38 6
31 39 37
32 36 35
33 40 17
36 39 8
36 41 17
41 42 35
11 55
0 1 8
0 2 40
0 3 2
0 4 3
0 5 28
0 6 6
0 7 48
0 8 17
0 9 13
0 10 35
1 2 21
1 3 49
1 4 37
1 5 23
1 6 10
1 7 40
1 8 19
1 9 30
1 10 48
2 3 39
2 4 11
2 5 43
2 6 15
2 7 8
2 8 42
2 9 42
2 10 49
3 4 13
3 5 10
3 6 22
3 7 41
3 8 17
3 9 10
3 10 48
4 5 45
4 6 26
4 7 50
4 8 30
4 9 33
4 10 25
5 6 12
5 7 19
5 8 27
5 9 10
5 10 25
6 7 31
6 8 37
6 9 14
6 10 6
7 8 1
7 9 3
7 10 39
8 9 44
8 10 9
9 10 7
11 55
0 1 46
0 2 46
0 3 1
0 4 1
0 5 6
0 6 1
0 7 4
0 8 16
0 9 17
0 10 47
1 2 35
1 3 33
1 4 26
1 5 7
1 6 46
1 7 4
1 8 47
1 9 39
1 10 11
2 3 22
2 4 39
2 5 50
2 6 34
2 7 27
2 8 3
2 9 34
2 10 17
3 4 1
3 5 33
3 6 22
3 7 6
3 8 33
3 9 7
3 10 25
4 5 26
4 6 2
4 7 35
4 8 44
4 9 44
4 10 31
5 6 37
5 7 6
5 8 1
5 9 30
5 10 3
6 7 18
6 8 42
6 9 27
6 10 37
7 8 18
7 9 17
7 10 2
8 9 16
8 10 16
9 10 45
34 125
0 1 34
0 10 44
0 12 12
0 21 19
0 24 9
0 28 34
0 31 31
1 2 18
1 3 21
1 7 46
1 14 29
1 26 24
2 3 30
2 7 21
2 19 19
3 4 4
3 15 47
3 26 8
3 27 43
4 5 30
4 6 50
4 9 44
4 13 39
4 20 32
4 21 48
4 26 12
5 6 14
5 8 23
5 14 8
5 17 41
5 21 35
5 23 7
5 24 49
5 25 5
5 32 43
6 7 1
6 16 49
6 18 10
6 21 3
6 24 30
6 26 45
7 8 3
7 9 7
7 10 21
7 11 30
7 20 37
7 22 6
7 25 20
8 9 46
8 21 22
8 29 46
9 10 12
9 16 34
9 25 25
10 11 2
10 14 36
10 15 48
10 20 23
10 25 27
10 33 7
11 12 19
11 31 21
11 33 45
12 13 14
12 18 16
12 22 23
12 26 15
12 27 41
13 14 14
13 20 50
13 26 20
13 31 17
13 32 1
14 15 8
14 25 4
15 16 5
15 25 16
15 32 13
16 17 27
16 20 19
16 21 39
16 30 48
16 32 10
17 18 18
17 19 25
17 26 48
17 27 46
17 29 5
17 32 48
17 33 26
18 19 12
18 24 16
19 20 30
19 23 35
19 26 15
19 27 29
19 28 31
20 21 15
20 22 26
21 22 17
21 26 45
21 28 48
21 32 38
21 33 8
22 23 32
22 27 16
23 24 43
23 29 5
24 25 49
24 26 22
25 26 23
26 27 6
26 32 36
27 28 38
27 31 16
28 29 8
28 32 26
29 30 9
29 32 1
29 33 35
30 31 15
30 32 43
30 33 32
31 32 13
32 33 11
34 125
0 2 46
0 6 32
0 19 39
0 21 36
0 23 47
0 28 14
1 7 1
1 12 16
1 13 30
1 16 21
1 18 44
1 20 17
1 21 37
1 23 47
1 24 4
1 25 23
1 27 49
1 33 20
2 6 8
2 8 20
2 9 16
2 15 4
2 17 40
2 20 41
2 24 17
2 27 14
2 28 37
3 11 46
3 20 34
3 24 4
3 25 33
3 29 22
3 31 10
4 10 36
4 14 26
4 18 41
4 24 31
4 29 2
5 11 21
5 14 26
5 16 42
5 24 10
5 32 45
6 7 44
6 13 50
6 18 36
6 19 24
6 21 34
6 22 1
6 24 39
6 28 6
6 31 22
6 32 21
7 10 3
7 13 8
7 27 34
8 15 26
9 17 43
9 18 49
9 29 27
10 11 31
10 20 12
10 22 3
10 28 6
11 16 39
11 18 36
11 21 23
11 32 24
12 15 33
12 30 16
12 32 18
12 33 22
13 19 17
13 30 25
13 32 47
13 33 38
14 19 15
14 20 15
14 22 5
14 28 18
14 29 7
15 18 37
15 21 15
15 23 17
15 25 36
15 31 34
15 33 13
16 22 23
16 23 6
16 25 21
16 32 7
16 33 34
17 19 4
17 20 10
17 25 37
17 28 50
17 29 3
17 30 46
18 20 4
18 21 22
18 27 25
18 31 24
18 32 16
18 33 11
19 20 17
19 31 16
19 32 37
20 22 9
20 32 18
21 22 22
21 30 31
22 33 30
23 25 22
23 28 50
23 29 40
24 29 42
25 26 36
25 32 40
25 33 41
26 31 46
26 32 50
27 31 9
28 31 37
28 33 24
31 33 24
13 21
0 1 12
0 2 15
0 12 6
1 2 21
2 3 29
2 5 29
2 7 31
2 10 45
3 4 7
3 10 32
3 11 41
4 5 14
4 12 15
5 6 33
6 7 43
6 10 18
7 8 33
8 9 18
9 10 21
10 11 9
11 12 25
13 21
0 3 45
0 10 41
2 4 29
2 5 10
2 8 15
2 12 40
3 4 27
3 5 23
3 8 28
3 9 27
3 10 35
3 11 37
3 12 48
4 5 38
5 10 2
5 11 28
6 8 21
6 9 40
6 11 2
8 12 42
10 12 21
9 36
0 1 50
0 2 6
0 3 16
0 4 22
0 5 44
0 6 25
0 7 30
0 8 25
1 2 15
1 3 27
1 4 42
1 5 35
1 6 3
1 7 3
1 8 44
2 3 16
2 4 39
2 5 17
2 6 7
2 7 45
2 8 39
3 4 45
3 5 38
3 6 50
3 7 2
3 8 50
4 5 37
4 6 3
4 7 17
4 8 11
5 6 20
5 7 14
5 8 27
6 7 29
6 8 9
7 8 27
9 36
0 1 13
0 2 27
0 3 4
0 4 47
0 5 36
0 6 9
0 7 30
0 8 28
1 2 12
1 3 45
1 4 30
1 5 35
1 6 23
1 7 46
1 8 3
2 3 19
2 4 23
2 5 38
2 6 21
2 7 25
2 8 30
3 4 39
3 5 20
3 6 4
3 7 50
3 8 27
4 5 30
4 6 4
4 7 33
4 8 9
5 6 39
5 7 27
5 8 38
6 7 25
6 8 49
7 8 34
33 105
0 1 5
0 7 16
0 21 38
1 2 28
1 8 43
1 25 45
1 27 6
2 3 4
2 9 39
2 22 36
3 4 43
3 11 21
3 22 5
4 5 5
4 9 21
4 10 29
4 20 12
5 6 24
5 13 50
5 23 30
5 32 10
6 7 3
6 12 10
6 13 18
6 20 39
6 21 34
6 24 35
6 26 23
6 29 12
7 8 26
7 9 43
7 13 27
7 15 19
7 16 50
7 18 50
7 22 10
7 30 35
8 9 12
8 15 9
8 31 16
8 32 31
9 10 43
9 14 46
9 15 26
9 29 9
10 11 25
10 15 22
11 12 50
11 15 1
11 18 37
11 19 41
11 21 4
11 25 1
11 27 39
12 13 36
12 17 17
12 32 44
13 14 41
13 24 11
13 29 24
14 15 47
14 21 19
14 25 5
14 27 18
14 32 32
15 16 29
15 22 8
15 24 49
16 17 6
16 23 7
16 25 14
17 18 5
18 19 42
18 25 30
18 30 24
18 32 20
19 20 10
19 30 29
19 32 18
20 21 32
20 29 20
21 22 30
21 23 39
21 24 30
21 30 48
22 23 3
22 27 40
22 30 19
22 32 15
23 24 34
24 25 43
24 31 15
25 26 33
25 27 5
25 28 9
26 27 13
26 29 31
27 28 50
28 29 12
28 31 45
29 30 48
29 32 20
30 31 6
30 32 13
31 32 41
33 105
0 1 24
0 9 39
0 10 33
0 13 34
0 22 9
0 27 36
0 29 36
0 31 26
1 3 38
1 9 19
1 11 47
1 16 35
1 17 21
1 20 17
1 24 24
1 25 44
1 28 50
2 6 9
2 11 7
2 21 10
2 30 35
2 31 21
3 7 12
3 10 36
3 12 5
3 18 50
3 25 50
3 28 8
3 29 11
3 31 8
3 32 24
4 12 20
4 26 9
4 27 37
4 28 31
4 29 9
5 16 31
5 22 18
5 28 49
6 10 49
6 20 8
6 23 50
6 24 7
6 26 6
6 27 50
6 32 39
7 8 43
7 13 42
7 18 21
7 21 28
7 24 45
7 27 35
7 29 36
7 30 12
7 32 22
8 15 18
8 16 36
8 17 9
8 25 48
8 29 34
8 32 21
9 11 18
9 13 29
9 21 42
9 27 46
9 32 35
10 17 46
10 18 48
10 26 19
10 31 39
10 32 21
11 15 2
11 26 20
11 27 38
11 29 3
12 13 22
12 15 9
12 23 33
13 25 46
14 18 34
14 25 47
14 26 42
15 18 30
15 19 18
15 22 32
15 24 36
16 23 3
16 24 1
16 28 47
16 31 19
17 18 5
18 31 16
19 30 27
20 26 37
20 27 1
22 27 50
22 30 36
22 31 50
23 25 37
26 28 29
26 31 50
27 30 9
27 31 2
28 29 31
30 31 50
32 148
0 1 41
0 3 26
0 4 9
0 7 38
0 13 10
0 14 43
0 18 14
0 19 50
0 28 25
0 31 25
1 2 50
1 4 1
1 5 41
1 13 22
1 15 2
1 16 21
1 17 47
1 19 22
1 20 45
1 21 9
1 25 46
2 3 31
2 7 37
2 8 26
2 11 21
2 12 25
2 13 16
2 26 27
2 27 7
3 4 21
3 7 37
3 8 21
3 12 38
3 13 40
3 14 2
3 16 40
3 23 40
3 31 18
4 5 41
4 8 32
4 10 38
4 11 2
4 19 22
4 20 30
4 22 13
4 25 32
4 31 8
5 6 13
5 8 36
5 9 46
5 10 43
5 21 9
5 27 41
6 7 1
6 12 44
6 14 25
6 16 39
6 17 14
6 20 24
6 27 32
6 28 31
7 8 15
7 11 17
7 25 36
7 31 30
8 9 26
8 12 22
8 13 43
8 16 8
8 17 46
8 19 5
8 20 49
8 23 17
8 25 49
9 10 35
9 15 6
9 17 31
9 18 18
9 22 10
9 24 9
9 28 36
9 29 45
10 11 33
10 12 17
10 16 39
10 26 15
10 30 2
10 31 33
11 12 12
11 21 9
11 25 25
11 28 35
11 29 4
12 13 7
12 21 45
12 22 22
12 23 44
12 27 31
12 29 30
13 14 19
13 25 27
13 30 3
13 31 28
14 15 45
14 16 24
14 17 49
14 19 25
14 21 16
14 27 21
14 29 7
15 16 27
15 29 23
15 30 2
16 17 37
16 23 27
17 18 17
17 26 46
17 28 6
17 29 43
18 19 43
18 25 45
18 26 17
18 28 32
19 20 39
19 27 33
19 29 18
20 21 39
20 25 34
21 22 16
21 31 4
22 23 13
22 24 3
22 26 11
22 30 48
22 31 1
23 24 48
23 27 39
24 25 47
24 28 21
24 29 40
25 26 10
26 27 3
26 28 14
27 28 22
27 30 40
28 29 7
29 30 11
30 31 8
32 148
0 5 18
0 7 6
0 16 50
0 22 48
0 23 33
0 28 23
0 30 23
1 5 49
1 7 18
1 8 42
1 9 4
1 11 30
1 15 17
1 16 47
1 17 21
1 21 23
2 7 42
2 13 2
2 18 34
2 19 2
2 20 31
2 24 38
2 26 11
2 28 26
3 7 27
3 21 28
3 22 30
3 23 5
3 25 16
3 31 18
4 14 21
4 16 22
4 19 34
4 21 34
4 23 30
5 8 4
5 11 18
5 12 26
5 13 5
5 15 32
5 16 28
5 20 16
5 23 6
5 25 41
6 7 49
6 10 4
6 12 17
6 16 30
6 18 6
6 24 46
6 29 11
6 30 17
7 8 25
7 12 40
7 18 38
7 27 33
8 9 10
8 12 18
8 16 2
8 17 28
8 20 11
8 22 44
8 29 5
8 31 35
9 11 15
9 14 23
9 15 38
9 16 46
9 18 3
9 20 14
9 23 29
9 27 33
9 31 49
10 11 36
10 13 17
10 14 48
10 16 34
10 20 20
10 28 16
10 30 49
10 31 35
11 12 47
11 16 2
11 17 23
11 23 12
11 24 26
11 31 44
12 17 8
12 25 5
12 27 12
13 14 37
13 20 38
13 23 22
13 24 39
13 25 1
13 26 46
13 29 22
13 30 17
14 20 25
14 23 39
14 25 9
14 31 21
15 17 6
15 21 12
15 24 2
15 30 29
15 31 20
16 18 11
16 19 16
16 22 24
16 24 35
16 25 50
16 26 32
16 28 29
17 21 43
17 24 25
17 26 49
17 28 23
18 21 36
18 22 5
18 24 1
18 27 1
18 31 30
19 23 33
20 21 8
20 26 15
20 27 7
20 31 29
21 23 1
21 25 10
21 28 33
21 29 21
21 30 21
22 25 40
22 26 2
23 25 26
23 26 37
23 31 35
24 26 25
24 27 41
25 28 13
26 29 20
26 30 47
27 31 45
28 29 36
28 31 22
29 30 11
29 31 3
37 75
0 1 39
0 32 30
1 2 46
1 8 18
2 3 29
2 33 9
3 4 45
3 9 29
3 18 13
3 30 33
3 36 37
4 5 27
4 15 36
4 18 47
5 6 29
5 12 4
5 15 40
5 18 12
6 7 46
6 11 22
6 27 46
6 30 3
7 8 29
8 9 6
8 21 33
9 10 50
9 29 48
9 30 46
9 35 33
10 11 8
10 12 5
10 35 25
11 12 13
11 15 28
11 18 25
11 33 48
12 13 2
12 21 3
13 14 50
14 15 28
14 16 8
14 33 18
15 16 43
15 18 13
16 17 4
16 24 40
16 33 28
17 18 46
18 19 43
18 32 46
18 35 50
19 20 18
20 21 50
21 22 27
22 23 6
23 24 43
23 26 30
23 35 4
24 25 49
25 26 4
25 30 3
26 27 16
26 29 5
27 28 48
27 34 7
28 29 24
29 30 16
29 34 9
30 31 50
31 32 38
31 33 38
32 33 20
33 34 32
34 35 21
35 36 4
37 75
0 14 33
0 33 11
1 2 25
1 4 17
1 8 23
1 30 38
2 4 5
2 8 20
2 12 33
2 15 6
2 21 1
2 28 49
2 29 33
2 32 38
3 10 2
3 32 47
4 22 21
4 28 7
5 10 33
5 12 21
5 27 15
5 29 50
5 33 45
6 7 1
6 13 14
6 16 19
6 28 47
7 11 50
7 12 4
7 31 19
7 36 44
8 14 17
9 13 5
9 21 1
9 24 23
10 17 33
10 27 25
10 29 6
10 30 13
11 12 26
11 15 2
11 17 39
11 22 39
11 23 11
12 29 42
14 15 30
14 16 3
14 21 36
14 31 13
15 17 12
15 20 20
16 28 3
16 32 21
16 35 45
17 23 47
17 27 49
18 25 29
18 35 46
19 25 19
19 28 36
19 29 20
20 30 26
20 31 5
21 27 36
21 30 20
22 26 40
23 29 15
25 27 46
25 34 42
26 32 13
26 34 1
27 36 44
31 33 34
32 36 44
33 35 24
0 0
